export const graph: number[][] = [
  [0, 78.3064282, 220.74274, 561.7905161, 335.919463, 642.766949, 820.6515631, 1186.548342, 1405.918252, 863.6468833, 1617.572491, 1871.348556, 494.586495, 538.0439039, 560.425, 2479.769, 566.372, 2026.477, 2244.178, 841.852, 933.305, 969.516, 1765.052, 2075.757, 1899.449, 1066.715, 1421.92, 671.923, 2585.36],
  [78.3064282, 0, 232.7142705, 492.3496508, 266.4785977, 573.3260837, 751.2106978, 1117.107476, 1336.477387, 794.2060181, 1548.131625, 1893.466893, 425.1456297, 468.6030387, 368.020, 2311.564, 380.465, 1912.014, 2101.801, 723.565, 738.222, 781.832, 1577.304, 1900.704, 1762.274, 900.082, 1241.687, 482.848, 2428.179],
  [220.74274, 232.7142705, 0, 412.0395193, 319.9499586, 646.7432525, 824.6278666, 1190.524645, 1409.894555, 867.6231868, 1619.921116, 2077.446184, 498.5627985, 540.3925295, 292.731, 1837.188, 290.891, 1691.879, 1753.505, 706.951, 128.145, 305.122, 1013.753, 1403.087, 1456.485, 564.43, 748.601, 192.217, 2002.252],
  [561.7905161, 492.3496508, 412.0395193, 0, 290.3817052, 510.1033978, 687.9880119, 1053.88479, 1273.254701, 730.9833321, 1311.381724, 2205.034932, 361.9229438, 403.7526748, 550.057, 1419.233, 704.582, 1218.716, 1281.451, 478.838, 385.966, 173.003, 708.465, 1002.685, 978.588, 124.703, 346.006, 640.725, 1556.729],
  [335.919463, 266.4785977, 319.9499586, 290.3817052, 0, 338.2950312, 516.1796453, 882.0764238, 1101.446334, 559.1749655, 1313.100573, 1950.596429, 190.1145772, 233.5719861, 145.621, 1860.054, 360.250, 1526.523, 1672.525, 401.459, 392.771, 348.28, 1138.462, 1448.518, 1342.451, 452.46, 791.495, 363.438, 1982.8],
  [642.766949, 573.3260837, 646.7432525, 510.1033978, 338.2950312, 0, 339.2610519, 546.2558978, 765.6258079, 223.3544395, 1180.470214, 2041.695103, 148.1805154, 185.8806753, 923.693, 1196.873, 1119.802, 754.067, 903.407, 512.580, 859.882, 643.622, 810.58, 867.35, 562.249, 376.288, 484.022, 1079.286, 1258.84],
  [820.6515631, 751.2106978, 824.6278666, 687.9880119, 516.1796453, 339.2610519, 0, 368.8848156, 669.5527116, 415.1539143, 1365.716385, 1716.119906, 326.0651295, 366.4008991, 1352.804, 1086.271, 1557.025, 320.363, 622.902, 869.404, 1308.854, 1092.911, 1068.021, 914.61, 303.679, 825.467, 849.158, 1523.319, 1047.683],
  [1186.548342, 1117.107476, 1190.524645, 1053.88479, 882.0764238, 546.2558978, 368.8848156, 0, 358.2951462, 603.5894466, 1554.151917, 1629.432239, 691.961908, 713.0721578, 1903.033, 1155.940, 2110.053, 274.773, 608.786, 1398.559, 1862.453, 1647.284, 1494.425, 1194.652, 590.891, 1381.131, 1359.971, 2078.79, 985.766],
  [1405.918252, 1336.477387, 1409.894555, 1273.254701, 1101.446334, 765.6258079, 669.5527116, 358.2951462, 0, 820.3427739, 1770.905245, 1920.272036, 911.3318182, 932.442068, 2352.251, 1367.428, 2559.960, 708.473, 886.676, 1842.201, 2309.814, 2095.359, 1880.406, 1523.362, 998.558, 1830.366, 1788.066, 2529.038, 1132.117],
  [863.6468833, 794.2060181, 867.6231868, 730.9833321, 559.1749655, 223.3544395, 415.1539143, 603.5894466, 820.3427739, 0, 958.5636832, 2117.587965, 369.0604497, 385.3902744, 1045.735, 930.859, 1201.055, 851.643, 805.910, 795.326, 840.567, 658.168, 455.236, 540.304, 553.376, 482.378, 240.169, 1130.963, 1058.576],
  [1617.572491, 1548.131625, 1619.921116, 1311.381724, 1313.100573, 1180.470214, 1365.716385, 1554.151917, 1770.905245, 958.5636832, 0, 3068.150436, 1158.234646, 1089.718387, 1628.548, 758.936, 1698.462, 1442.415, 1126.022, 1575.458, 1281.510, 1218.715, 433.675, 495.167, 1133.058, 1202.994, 813.275, 1597.393, 1029.742],
  [1871.348556, 1893.466893, 2077.446184, 2205.034932, 1950.596429, 2041.695103, 1716.119906, 1629.432239, 1920.272036, 2117.587965, 3068.150436, 0, 1963.553071, 2016.795084, 2694.780, 1901.254, 2909.617, 1162.077, 1413.182, 2159.436, 2710.468, 2493.634, 2377.672, 2044.804, 1477.011, 2222.95, 2243.196, 2894.156, 1662.264],
  [494.586495, 425.1456297, 498.5627985, 361.9229438, 190.1145772, 148.1805154, 326.0651295, 691.961908, 911.3318182, 369.0604497, 1158.234646, 1963.553071, 0, 106.7137443, 640.725, 1398.560, 834.856, 1038.019, 1169.984, 325.253, 597.088, 381.655, 824.307, 1017.588, 838.76, 115.521, 443.763, 795.698, 1496.125],
  [538.0439039, 468.6030387, 540.3925295, 403.7526748, 233.5719861, 185.8806753, 366.4008991, 713.0721578, 932.442068, 385.3902744, 1089.718387, 2016.795084, 106.7137443, 0, 778.364, 1205.945, 946.155, 985.090, 1036.896, 542.089, 622.897, 417.428, 613.222, 809.851, 734.319, 207.379, 239.421, 885.631, 1325.37],
  [560.425, 368.020, 292.731, 550.057, 145.621, 923.693, 1352.804, 1903.033, 2352.251, 1045.735, 1628.548, 2694.780, 640.725, 778.364, 0, 1969.189, 216.834, 1669.715, 1804.499, 542.086, 381.653, 417.428, 1211.019, 1549.422, 1478.898, 577.767, 885.631, 239.416, 2102.939],
  [2479.769, 2311.564, 1837.188, 1419.233, 1860.054, 1196.873, 1086.271, 1155.940, 1367.428, 930.859, 758.936, 1901.254, 1398.560, 1205.945, 1969.189, 0, 2107.998, 985.763, 550.776, 1698.467, 1712.402, 1564.03, 885.633, 438.23, 782.763, 1413.229, 1092.321, 2025.154, 274.775],
  [566.372, 380.465, 290.891, 704.582, 360.250, 1119.802, 1557.025, 2110.053, 2559.960, 1201.055, 1698.462, 2909.617, 834.856, 946.155, 216.834, 2107.998, 0, 1871.340, 1982.163, 758.920, 417.428, 544.855, 1301.298, 1677.218, 1666.146, 757.518, 1014.684, 108.417, 2258.518],
  [2026.477, 1912.014, 1691.879, 1218.716, 1526.523, 754.067, 320.363, 274.773, 708.473, 851.643, 1442.415, 1162.077, 1038.019, 985.090, 1669.715, 985.763, 1871.340, 0, 443.771, 1189.298, 1603.476, 1390.241, 1224.639, 952.109, 320.958, 1128.612, 1086.264, 1833.307, 870.786],
  [2244.178, 2101.801, 1753.505, 1281.451, 1672.525, 903.407, 622.902, 608.786, 886.676, 805.910, 1126.022, 1413.182, 1169.984, 1036.896, 1804.499, 550.776, 1982.163, 443.771, 0, 1409.164, 1643.932, 1450.986, 1029.737, 638.384, 350.698, 1227.684, 1038.021, 1922.176, 433.679],
  [841.852, 723.565, 706.951, 478.838, 401.459, 512.580, 869.404, 1398.559, 1842.201, 795.326, 1575.458, 2159.436, 325.253, 542.089, 542.086, 1698.467, 758.920, 1189.298, 1409.164, 0, 696.847, 528.296, 1144.971, 1334.631, 1061.263, 381.011, 763.312, 763.306, 1771.265],
  [933.305, 738.222, 128.145, 385.966, 392.771, 859.882, 1308.854, 1862.453, 2309.814, 840.567, 1281.510, 2710.468, 597.088, 622.897, 381.653, 1712.402, 417.428, 1603.476, 1643.932, 696.847, 0, 216.835, 885.632, 1277.321, 1356.076, 487.665, 627.249, 320.362, 1881.746],
  [969.516, 781.832, 305.122, 173.003, 348.28, 643.622, 1092.911, 1647.284, 2095.359, 658.168, 1218.715, 2493.634, 381.655, 417.428, 417.428, 1564.03, 544.855, 1390.241, 1450.986, 528.296, 216.835, 0, 795.7, 1137.892, 1151.364, 270.926, 473.078, 473.077, 1714.064],
  [1765.052, 1577.304, 1013.753, 708.465, 1138.462, 810.58, 1068.021, 1494.425, 1880.406, 455.236, 433.675, 2377.672, 824.307, 613.222, 1211.019, 885.633, 1301.298, 1224.639, 1029.737, 1144.971, 885.632, 795.7, 0, 457.685, 904.118, 770.006, 381.658, 1205.943, 1108.582],
  [2075.757, 1900.704, 1403.087, 1002.685, 1448.518, 867.35, 914.61, 1194.652, 1523.362, 540.304, 495.167, 2044.804, 1017.588, 809.851, 1549.422, 438.23, 1677.218, 952.109, 638.384, 1334.631, 1277.321, 1137.892, 457.685, 0, 652.049, 1013.137, 664.884, 1592.449, 650.971],
  [1899.449, 1762.274, 1456.485, 978.588, 1342.451, 562.249, 303.679, 590.891, 998.558, 553.376, 1133.058, 1477.011, 838.76, 734.319, 1478.898, 782.763, 1666.146, 320.958, 350.698, 1061.263, 1356.076, 1151.364, 904.118, 652.049, 0, 908.75, 793.126, 1614.478, 754.915],
  [1066.715, 900.082, 564.43, 124.703, 452.46, 376.288, 825.467, 1381.131, 1830.366, 482.378, 1202.994, 2222.95, 115.521, 207.379, 577.767, 1413.229, 757.518, 1128.612, 1227.684, 381.011, 487.665, 270.926, 770.006, 1013.137, 908.75, 0, 390.305, 708.03, 1530.366],
  [1421.92, 1241.687, 748.601, 346.006, 791.495, 484.022, 849.158, 1359.971, 1788.066, 240.169, 813.275, 2243.196, 443.763, 239.421, 885.631, 1092.321, 1014.684, 1086.264, 1038.021, 763.312, 627.249, 473.078, 381.658, 664.884, 793.126, 390.305, 0, 934.037, 1254.498],
  [671.923, 482.848, 192.217, 640.725, 363.438, 1079.286, 1523.319, 2078.79, 2529.038, 1130.963, 1597.393, 2894.156, 795.698, 885.631, 239.416, 2025.154, 108.417, 1833.307, 1922.176, 763.306, 320.362, 473.077, 1205.943, 1592.449, 1614.478, 708.03, 934.037, 0, 2184.641],
  [2585.36, 2428.179, 2002.252, 1556.729, 1982.8, 1258.84, 1047.683, 985.766, 1132.117, 1058.576, 1029.742, 1662.264, 1496.125, 1325.37, 2102.939, 274.775, 2258.518, 870.786, 433.679, 1771.265, 1881.746, 1714.064, 1108.582, 650.971, 754.915, 1530.366, 1254.498, 2184.641, 0],
];

export const locations: string[] = [
  "UP Gate",
  "Carabao Park",
  "Raymundo Gate",
  "University Library",
  "Oblation Park",
  "Mariang Banga",
  "DL Umali Hall",
  "Freedom Park",
  "Baker Hall",
  "Carillon Tower",
  "Copeland",
  "SEARCA",
  "Botanical Garden",
  "IRRI",
  "SU Building",
  "College of Forestry",
  "Physical Sciences Bldg",
  "CEAT Building",
  "CVM",
  "Athletics Oval",
  "Graduate School",
  "Humanities Building",
  "NCAS",
  "Institute of Animal Science",
  "BIOTECH",
  "CEM Building",
  "College of Human Ecology",
  "Math Building",
  "Forestry Biological Sciences",
];

export const coordinates: [number, number][] = [
  [14.16740, 121.24130], // 0  UP Gate
  [14.16650, 121.24220], // 1  Carabao Park
  [14.16380, 121.24530], // 2  Raymundo Gate
  [14.16100, 121.24400], // 3  University Library
  [14.16370, 121.24300], // 4  Oblation Park
  [14.15880, 121.24180], // 5  Mariang Banga
  [14.15650, 121.24000], // 6  DL Umali Hall
  [14.15350, 121.23800], // 7  Freedom Park
  [14.15100, 121.23650], // 8  Baker Hall
  [14.15780, 121.24400], // 9  Carillon Tower
  [14.15550, 121.24900], // 10 Copeland
  [14.15050, 121.23300], // 11 SEARCA
  [14.16050, 121.24250], // 12 Botanical Garden
  [14.15950, 121.24350], // 13 IRRI
  [14.16450, 121.24350], // 14 SU Building
  [14.15200, 121.24550], // 15 College of Forestry
  [14.16550, 121.24450], // 16 Physical Sciences Bldg
  [14.15450, 121.23950], // 17 CEAT Building
  [14.15300, 121.24200], // 18 CVM
  [14.16200, 121.24100], // 19 Athletics Oval
  [14.16300, 121.24550], // 20 Graduate School
  [14.16200, 121.24450], // 21 Humanities Building
  [14.15750, 121.24700], // 22 NCAS
  [14.15480, 121.24580], // 23 Institute of Animal Science
  [14.15520, 121.24150], // 24 BIOTECH
  [14.16080, 121.24320], // 25 CEM Building
  [14.15900, 121.24500], // 26 College of Human Ecology
  [14.16500, 121.24500], // 27 Math Building
  [14.15100, 121.24400], // 28 Forestry Biological Sciences
];
